0 0 0 0 0 0 0 0 0 0 0 1 10 10 10 10 10 10 10 10 10 10 10 10 10 11 0 0 0 0 0 0
0 1 10 10 10 10 10 11 0 0 0 100 111 111 111 111 111 111 111 111 111 111 111 111 111 110 0 0 0 0 0 0
0 100 101 101 101 101 101 110 0 0 0 100 11010 11010 11010 11010 11010 11010 11010 11010 11010 11010 11010 11010 11010 110 0 0 0 0 0 0
0 100 111 111 111 111 111 110 0 0 0 100 11101 11110 11011 11010 11010 11010 11101 11110 11010 11010 11011 11010 11010 110 0 0 0 0 0 0
0 100 11010 11010 11010 11010 11010 110 0 0 0 100 11010 11011 11011 11010 11010 11010 11011 11010 11010 11010 11011 11011 11010 110 0 1 10 10 10 11
0 100 11010 11010 11010 11010 11010 110 0 0 0 100 11010 11010 11010 11010 11010 11011 11011 11011 11010 11010 11010 11010 11010 1110 10 1101 11010 11010 11010 110
0 100 11010 11010 11100 11010 11010 110 0 0 0 100 11010 11010 11010 11010 11011 11011 11010 11011 11011 11010 11010 11110 11110 11010 11010 11010 11010 11100 11010 110
0 100 11010 11010 11010 11010 11010 110 0 0 0 100 11010 11101 11010 11010 11110 11011 11011 11011 11010 11010 11010 11010 11010 1100 1001 1011 11010 11010 11010 110
0 100 11010 11010 11010 11010 11010 110 0 0 0 100 11010 11011 11011 11010 11010 11101 11011 11010 11010 11010 11011 11011 11010 110 0 1000 1001 1001 1001 1010
0 1000 1001 1011 11010 1100 1001 1010 0 0 0 100 11010 11010 11011 11010 11010 11010 11010 11010 11110 11010 11011 11010 11010 110 0 0 0 0 0 0
0 0 0 100 11010 110 0 0 0 0 0 100 11010 11010 11010 11010 11010 11010 11010 11010 11101 11010 11010 11010 11010 110 0 0 0 0 0 0
1 10 10 1101 11010 1110 10 10 11 0 0 1000 1001 1001 10101 11001 11001 10110 11010 10111 11001 11001 11000 1001 1001 1010 0 0 0 0 0 0
100 111 111 111 11010 111 111 111 110 0 0 0 0 0 100 101 101 101 11010 101 101 101 110 0 0 0 0 0 0 0 0 0
100 11010 11010 11010 11010 11010 11010 11010 110 0 0 0 0 0 100 11010 11010 11010 11010 11010 11010 11010 110 0 0 0 0 0 0 0 0 0
100 11010 11011 11010 11010 11010 11011 11010 1111 10 10 10 10 10 10001 11010 11110 11101 11010 11010 11010 11010 110 0 0 0 0 0 0 0 0 0
100 11010 11010 11010 11010 11010 11010 11010 10000 11010 11010 11010 11010 11010 10000 11010 11010 11010 11011 11010 11010 11010 110 0 0 0 0 0 0 0 0 0
100 11010 11010 11010 11101 11010 11010 11010 11010 11010 11010 11010 11010 11010 11010 11010 11010 11011 11011 11011 11010 11010 110 0 0 0 0 0 0 0 0 0
100 11110 11010 11010 11010 11010 11010 11010 10010 11010 11010 11010 11010 11010 10010 11010 11010 11010 11011 11010 11010 11010 110 0 0 0 0 0 0 0 0 0
100 11010 11011 11010 11010 11010 11011 11010 10011 1001 1001 1001 1001 1001 10100 11010 11010 11101 11010 11010 11110 11101 110 0 0 0 0 0 0 0 0 0
100 11010 11010 11010 11010 11010 11101 11110 110 0 0 0 0 0 100 11010 11010 11010 11010 11010 11010 11010 110 0 0 0 0 0 0 0 0 0
1000 1001 1001 1001 1001 1001 1001 1001 1010 0 0 0 0 0 1000 1001 1001 1001 1001 1001 1001 1001 1010 0 0 0 0 0 0 0 0 0