100110 100110 100110 100110 100110 100110 100110 100110 100110 100110 100110 100110 100110 100110 1000110 1000111 1001000 1001000 1001000 1001000 1001000 1001000 1001000 1001000 1001000 1001000 1001000 1001000 1001010 100110 100110 100110 100110 100110 100110 100110 100110 100110 100110 100110 100110 100110 100110 100110 100110 100110 100110 100110 100110 100110
100110 100110 100110 100110 100110 100110 100110 100110 100110 100110 100110 100110 100110 100110 1001011 1001101 1001110 1001110 1001110 1001110 1001110 1001110 1001110 1001110 1001110 1001110 1001110 1001110 1001100 100110 100110 100110 100110 100110 100110 100110 100110 100110 100110 100110 100110 100110 100110 100110 100110 100110 100110 100110 100110 100110
100110 100110 100110 100110 100110 100110 100110 100110 100110 100110 100110 100110 100110 100110 1001011 1110111 1110111 1111000 1111011 1110111 1110111 1110111 1111101 1110111 1111001 1111110 1111100 1110111 1001100 1000110 1000111 1001001 1001000 1001001 1001010 100110 100110 100110 100110 100110 100110 100110 100110 100110 100110 100110 100110 100110 100110 100110
100110 100110 100110 100110 100110 100110 100110 100110 100110 100110 100110 100110 100110 100110 1001011 1110111 1110101 1011011 1011010 10001110 10001110 10000010 10001110 10010001 1011011 1011010 10010000 1110111 1001100 1001011 1001101 1001110 1001110 1001110 1001100 100110 100110 100110 100110 100110 100110 100110 100110 100110 100110 100110 100110 100110 100110 100110
100110 100110 100110 100110 100110 100110 100110 100110 100110 100110 100110 100110 100110 100110 1001011 1110111 10001011 1011110 1011111 1110101 10001101 10001001 10001101 10000001 1011110 1011111 10001100 1110111 1011110 1011111 1111001 1110111 1110111 1110111 1001100 100110 100110 100110 100110 100110 100110 100110 100110 100110 100110 100110 100110 100110 100110 100110
100110 100110 100110 100110 100110 100110 100110 100110 100110 100110 100110 100110 100110 100110 1001011 1110111 10010100 10000111 10000010 10000010 1110111 10000000 1110111 10000101 10000110 10000010 10010000 1110111 1110101 10001101 10001101 10000010 10000010 10000001 1001100 100110 100110 100110 100110 100110 100110 100110 100110 100110 100110 100110 100110 100110 100110 100110
100110 100110 100110 100110 100110 100110 100110 100110 100110 100110 100110 100110 100110 100110 1001011 1110111 10001111 10000011 10000110 10001001 1110111 1111011 1110111 10000100 10000101 10001010 10001100 1110111 10010100 10001110 10001110 10000010 10000010 1110111 1001100 100110 100110 100110 100110 100110 100110 100110 100110 100110 100110 100110 100110 100110 100110 100110
100110 100110 100110 100110 100110 100110 100110 100110 100110 100110 100110 100110 100110 100110 1001011 1110111 10001011 1011011 1011010 10010100 10010001 10000010 10001110 10010011 1011011 1011010 10010000 1110111 1011011 1011010 1111000 1110111 1111001 10000001 1001100 100110 100110 100110 100110 100110 100110 100110 100110 100110 100110 100110 100110 100110 100110 100110
100110 100110 100110 100110 100110 100110 100110 100110 1000110 1000111 1001000 1001000 1001000 1001010 1001011 1111011 10010100 1011110 1011111 10010010 10001101 10001010 10001101 10001101 1011110 1011111 10000000 1110111 1001100 1010000 1010001 1010001 1010001 1010001 1010111 100110 100110 100110 100110 100110 100110 100110 100110 100110 100110 100110 100110 100110 100110 100110
100110 100110 100110 100110 100110 100110 100110 100110 1001011 1001101 1001110 1001110 1001110 1001100 1001011 1110111 1111010 1110111 1110111 1110111 1110111 1110111 1110111 1110111 1110111 1111101 1111110 1110111 1001100 100110 100110 100110 100110 100110 100110 100110 100110 100110 100110 100110 100110 100110 100110 100110 100110 100110 100110 100110 100110 100110
100110 100110 100110 1001111 1100000 1100000 1100000 1100000 1011111 1110111 1111001 1110111 1110111 1001100 1010000 1010001 1010001 1010001 1010001 1011010 1100110 1100111 1101000 1011011 1010001 1010001 1010001 1010001 1010111 100110 100110 100110 100110 100110 100110 100110 100110 100110 100110 100110 100110 100110 100110 100110 100110 100110 100110 100110 100110 100110
100110 100110 100110 1001011 1100110 1100111 1100111 1100111 1101000 1110111 10000111 10001001 10000001 1001100 100110 100110 100110 100110 100110 1000110 1101001 1101010 1101011 1001100 100110 100110 100110 100110 100110 100110 100110 100110 100110 100110 100110 100110 100110 100110 100110 100110 100110 100110 100110 100110 100110 100110 100110 100110 100110 100110
100110 100110 100110 1001011 1101001 1101010 1101101 1101101 1101110 1111000 10001010 10001000 1110111 1001100 100110 100110 100110 100110 100110 1000110 1101001 1101010 1101011 1001100 100110 100110 100110 100110 100110 100110 100110 100110 100110 100110 100110 100110 100110 100110 100110 100110 100110 100110 100110 100110 100110 100110 100110 100110 100110 100110
100110 100110 100110 1001011 1101001 1101011 1011011 1010001 1011010 1111001 1110111 1110111 1111001 1001100 100110 100110 100110 100110 100110 1000110 1101001 1101010 1101011 1001100 100110 100110 100110 100110 100110 100110 100110 100110 100110 100110 100110 100110 100110 100110 100110 100110 100110 100110 100110 100110 100110 100110 100110 100110 100110 100110
100110 100110 100110 1001011 1101001 1101011 1001100 100110 1010000 1010001 1010001 1010001 1010001 1010111 100110 100110 100110 100110 100110 1000110 1101001 1101010 1101011 1001100 100110 100110 100110 100110 100110 100110 100110 100110 100110 100110 100110 100110 100110 100110 100110 100110 100110 100110 100110 100110 100110 100110 100110 100110 100110 100110
1000110 1000111 1001000 1001000 1101001 1101011 1001000 1001000 1001000 1001010 100110 100110 100110 100110 100110 1000110 1001000 1001000 1001000 1001000 1101001 1101010 1101011 1001000 1001000 1001000 1001000 1001010 100110 100110 100110 100110 100110 100110 100110 100110 100110 100110 100110 100110 100110 100110 100110 100110 100110 100110 100110 100110 100110 100110
1001011 1001101 1001110 1001110 1101001 1101011 1001110 1001110 1001110 1001100 100110 100110 100110 100110 100110 1001011 1001110 1001110 1001110 1001110 1101100 1101101 1101110 1001110 1001110 1001110 1001110 1001100 100110 100110 100110 100110 100110 100110 100110 100110 100110 100110 100110 100110 100110 100110 100110 100110 100110 100110 100110 100110 100110 100110
1001011 1110001 1100101 1100101 1110100 1110010 1100011 1100011 1101111 1001100 100110 100110 100110 100110 100110 1001011 1111000 1111001 1110111 1110111 1110111 1110111 1110111 1111101 1110111 1110111 1110111 1001100 100110 100110 100110 100110 100110 100110 100110 100110 100110 100110 100110 100110 100110 100110 100110 100110 100110 100110 100110 100110 100110 100110
1001011 1101111 1110001 1110100 1110100 1110010 1110010 1101111 1101110 1001100 100110 100110 100110 100110 100110 1001011 1110111 1100011 1100101 1110111 1111000 10000000 1110111 1111000 1100011 1100101 1110111 1001100 100110 100110 100110 100110 100110 100110 100110 100110 100110 100110 100110 100110 100110 100110 100110 100110 100110 100110 100110 100110 100110 100110
1001011 1110000 1110000 1110001 1110100 1110010 1101111 1110000 1110000 1001100 100110 100110 100110 100110 100110 1001011 1110111 1101111 1100011 1110011 1110000 1110000 1110000 1110011 1100101 1110001 1110111 1001100 100110 100110 100110 100110 100110 100110 100110 100110 100110 100110 100110 100110 100110 100110 100110 100110 100110 100110 100110 100110 100110 100110
1001011 1110000 1110000 1110000 1110001 1101111 1110000 1110000 1110000 1001100 100110 100110 100110 100110 100110 1001011 1111000 1111100 1110100 10001000 10000100 10000010 10000110 10000101 1110011 1110111 1110111 1001100 100110 100110 100110 100110 100110 100110 100110 100110 100110 100110 100110 100110 100110 100110 100110 100110 100110 100110 100110 100110 100110 100110
1001011 1100100 1100100 1100100 1100101 1100011 1100100 1100100 1100100 1001100 100110 100110 100110 100110 100110 1001011 1110111 1111001 1110011 10000011 10010001 10000110 10000011 10000111 1110010 1110111 1111000 1001100 100110 100110 100110 100110 100110 100110 100110 100110 100110 100110 100110 100110 100110 100110 100110 100110 100110 100110 100110 100110 100110 100110
1001011 1100100 1100100 1100101 1110100 1110010 1100011 1100100 1100100 1001100 100110 100110 100110 100110 100110 1001011 1110111 1100011 1101111 1110011 1100100 1100100 1100100 1110011 1110001 1100101 1110111 1001100 100110 100110 100110 100110 100110 100110 100110 100110 100110 100110 100110 100110 100110 100110 100110 100110 100110 100110 100110 100110 100110 100110
1001011 1100011 1100101 1110100 1110100 1110010 1110010 1100011 1100101 1001100 100110 100110 100110 100110 100110 1001011 1110111 1101111 1110001 1110111 1110111 1111011 1110111 1110111 1101111 1110001 1110111 1001100 100110 100110 100110 100110 100110 100110 100110 100110 100110 100110 100110 100110 100110 100110 100110 100110 100110 100110 100110 100110 100110 100110
1001011 1100101 1101110 1110001 1110100 1110010 1101100 1101100 1100011 1001100 100110 100110 100110 100110 100110 1001011 1110111 1110111 1111000 1110111 1110111 1110111 1111010 1111000 1110111 1110111 1110111 1001100 100110 100110 100110 100110 100110 100110 100110 100110 100110 100110 100110 100110 100110 100110 100110 100110 100110 100110 100110 100110 100110 100110
1010000 1010001 1010001 1011010 1101001 1101011 1011011 1010001 1010001 1010111 100110 100110 100110 100110 100110 1010000 1010001 1010001 1010001 1010001 1011010 1101010 1011011 1010001 1010001 1010001 1010001 1010111 100110 100110 100110 100110 100110 100110 100110 100110 100110 100110 100110 100110 100110 100110 100110 100110 100110 100110 100110 100110 100110 100110
100110 100110 100110 1001011 1101001 1101011 1001100 100110 100110 100110 100110 100110 100110 100110 100110 100110 100110 100110 100110 100110 1001011 1101010 1001100 100110 100110 100110 100110 100110 100110 100110 100110 100110 100110 100110 100110 100110 100110 100110 100110 100110 100110 100110 100110 100110 100110 100110 100110 100110 100110 100110
100110 100110 100110 1001011 1101001 1101011 1001100 1000110 1001001 1001001 1011000 1001001 1001001 1001001 1001001 1011000 1001001 1001001 1001010 100110 1001011 1101010 1001100 100110 100110 100110 100110 100110 100110 100110 100110 100110 100110 100110 100110 100110 100110 100110 100110 100110 100110 100110 100110 100110 100110 100110 100110 100110 100110 100110
100110 100110 100110 1001011 1101001 1101011 1001100 1001011 1001110 1001110 1011001 1001110 1001110 1001110 1001110 1011001 1001110 1001110 1001100 100110 1001011 1101010 1001100 100110 100110 100110 100110 100110 100110 100110 100110 100110 100110 100110 100110 100110 100110 100110 100110 100110 100110 100110 100110 100110 100110 100110 100110 100110 100110 100110
100110 100110 100110 1001011 1101001 1101011 1001100 1001011 1110111 1110111 1110111 1111000 1111001 1110111 1110111 10000001 1110111 1110111 1001100 100110 1001011 1101010 1001100 100110 100110 100110 100110 100110 100110 100110 100110 100110 100110 100110 100110 100110 100110 100110 100110 100110 100110 100110 100110 100110 100110 100110 100110 100110 100110 100110
100110 100110 100110 1001011 1101001 1101011 1001100 1001011 1110111 1100011 1110011 1110011 1110011 1110011 1110100 1110011 1100101 1110111 1001100 100110 1001011 1101010 1001100 100110 100110 100110 100110 100110 100110 100110 100110 100110 100110 100110 100110 100110 100110 100110 100110 100110 100110 100110 100110 100110 100110 100110 100110 100110 100110 100110
100110 100110 100110 1001011 1101001 1101011 1011110 1011111 1111001 1110011 1110010 1110010 1011011 1011010 1110100 1110100 1110011 1110111 1011110 1100000 1011111 1101010 1001100 100110 100110 100110 100110 100110 100110 100110 100110 100110 100110 100110 100110 100110 100110 100110 100110 100110 100110 100110 100110 100110 100110 100110 100110 100110 100110 100110
100110 100110 100110 1001011 1101001 1101010 1100111 1101000 1110111 1110011 1110010 1110010 1001100 1001011 1110100 1110100 1110011 1111001 1100110 1100111 1100111 1101010 1001100 100110 100110 100110 100110 100110 100110 100110 100110 100110 100110 100110 100110 100110 100110 100110 100110 100110 100110 100110 100110 100110 100110 100110 100110 100110 100110 100110
100110 100110 100110 1001011 1101100 1101101 1101101 1101110 1110111 1110011 1110010 1110010 1011110 1011111 1110100 1110100 1110011 10000001 1101100 1101101 1101101 1101101 1001100 100110 100110 100110 100110 100110 100110 100110 100110 100110 100110 100110 100110 100110 100110 100110 100110 100110 100110 100110 100110 100110 100110 100110 100110 100110 100110 100110
100110 100110 100110 1010000 1010001 1010001 1010001 1011010 1111000 1101111 1110011 1110010 1110011 1110011 1110011 1110011 1110001 1110111 1011011 1010001 1010001 1010001 1010111 100110 100110 100110 100110 100110 100110 100110 100110 100110 100110 100110 100110 100110 100110 100110 100110 100110 100110 100110 100110 100110 100110 100110 100110 100110 100110 100110
100110 100110 100110 100110 100110 100110 100110 1001011 1110111 1111001 1110111 1110111 1110111 10000001 10000001 1110111 1110111 1110111 1001100 100110 100110 100110 100110 100110 100110 100110 100110 100110 100110 100110 100110 100110 100110 100110 100110 100110 100110 100110 100110 100110 100110 100110 100110 100110 100110 100110 100110 100110 100110 100110
100110 100110 100110 100110 100110 100110 100110 1010000 1010001 1010001 1010001 1010001 1010001 1010001 1010001 1010001 1010001 1010001 1010111 100110 100110 100110 100110 100110 100110 100110 100110 100110 100110 100110 100110 100110 100110 100110 100110 100110 100110 100110 100110 100110 100110 100110 100110 100110 100110 100110 100110 100110 100110 100110
100110 100110 100110 100110 100110 100110 100110 100110 100110 100110 100110 100110 100110 100110 100110 100110 100110 100110 100110 100110 100110 100110 100110 100110 100110 100110 100110 100110 100110 100110 100110 100110 100110 100110 100110 100110 100110 100110 100110 100110 100110 100110 100110 100110 100110 100110 100110 100110 100110 100110
100110 100110 100110 100110 100110 100110 100110 100110 100110 100110 100110 100110 100110 100110 100110 100110 100110 100110 100110 100110 100110 100110 100110 100110 100110 100110 100110 100110 100110 100110 100110 100110 100110 100110 100110 100110 100110 100110 100110 100110 100110 100110 100110 100110 100110 100110 100110 100110 100110 100110
100110 100110 100110 100110 100110 100110 100110 100110 100110 100110 100110 100110 100110 100110 100110 100110 100110 100110 100110 100110 100110 100110 100110 100110 100110 100110 100110 100110 100110 100110 100110 100110 100110 100110 100110 100110 100110 100110 100110 100110 100110 100110 100110 100110 100110 100110 100110 100110 100110 100110
100110 100110 100110 100110 100110 100110 100110 100110 100110 100110 100110 100110 100110 100110 100110 100110 100110 100110 100110 100110 100110 100110 100110 100110 100110 100110 100110 100110 100110 100110 100110 100110 100110 100110 100110 100110 100110 100110 100110 100110 100110 100110 100110 100110 100110 100110 100110 100110 100110 100110
100110 100110 100110 100110 100110 100110 100110 100110 100110 100110 100110 100110 100110 100110 100110 100110 100110 100110 100110 100110 100110 100110 100110 100110 100110 100110 100110 100110 100110 100110 100110 100110 100110 100110 100110 100110 100110 100110 100110 100110 100110 100110 100110 100110 100110 100110 100110 100110 100110 100110
100110 100110 100110 100110 100110 100110 100110 100110 100110 100110 100110 100110 100110 100110 100110 100110 100110 100110 100110 100110 100110 100110 100110 100110 100110 100110 100110 100110 100110 100110 100110 100110 100110 100110 100110 100110 100110 100110 100110 100110 100110 100110 100110 100110 100110 100110 100110 100110 100110 100110
100110 100110 100110 100110 100110 100110 100110 100110 100110 100110 100110 100110 100110 100110 100110 100110 100110 100110 100110 100110 100110 100110 100110 100110 100110 100110 100110 100110 100110 100110 100110 100110 100110 100110 100110 100110 100110 100110 100110 100110 100110 100110 100110 100110 100110 100110 100110 100110 100110 100110
100110 100110 100110 100110 100110 100110 100110 100110 100110 100110 100110 100110 100110 100110 100110 100110 100110 100110 100110 100110 100110 100110 100110 100110 100110 100110 100110 100110 100110 100110 100110 100110 100110 100110 100110 100110 100110 100110 100110 100110 100110 100110 100110 100110 100110 100110 100110 100110 100110 100110
100110 100110 100110 100110 100110 100110 100110 100110 100110 100110 100110 100110 100110 100110 100110 100110 100110 100110 100110 100110 100110 100110 100110 100110 100110 100110 100110 100110 100110 100110 100110 100110 100110 100110 100110 100110 100110 100110 100110 100110 100110 100110 100110 100110 100110 100110 100110 100110 100110 100110
100110 100110 100110 100110 100110 100110 100110 100110 100110 100110 100110 100110 100110 100110 100110 100110 100110 100110 100110 100110 100110 100110 100110 100110 100110 100110 100110 100110 100110 100110 100110 100110 100110 100110 100110 100110 100110 100110 100110 100110 100110 100110 100110 100110 100110 100110 100110 100110 100110 100110
100110 100110 100110 100110 100110 100110 100110 100110 100110 100110 100110 100110 100110 100110 100110 100110 100110 100110 100110 100110 100110 100110 100110 100110 100110 100110 100110 100110 100110 100110 100110 100110 100110 100110 100110 100110 100110 100110 100110 100110 100110 100110 100110 100110 100110 100110 100110 100110 100110 100110
100110 100110 100110 100110 100110 100110 100110 100110 100110 100110 100110 100110 100110 100110 100110 100110 100110 100110 100110 100110 100110 100110 100110 100110 100110 100110 100110 100110 100110 100110 100110 100110 100110 100110 100110 100110 100110 100110 100110 100110 100110 100110 100110 100110 100110 100110 100110 100110 100110 100110
100110 100110 100110 100110 100110 100110 100110 100110 100110 100110 100110 100110 100110 100110 100110 100110 100110 100110 100110 100110 100110 100110 100110 100110 100110 100110 100110 100110 100110 100110 100110 100110 100110 100110 100110 100110 100110 100110 100110 100110 100110 100110 100110 100110 100110 100110 100110 100110 100110 100110