110 110 110 110 110 110 110 110 110 110 110 110 110 110 110 110 110
110 110 110 0 1 1 1 1 11 1 1 1 1 101 110 110 110
110 110 110 10010 1110 1111 1111 1111 1111 1111 1111 1111 1101 10011 110 110 110
110 110 110 10010 10000 111 1000 1000 1000 1000 1000 111 10001 10011 110 110 110
110 110 110 10010 10000 1000 1001 110 110 110 1001 1000 10001 10011 110 110 110
110 110 110 10010 10000 1000 110 1001 110 1001 110 1000 10001 10011 110 110 110
110 110 110 10010 10000 1000 110 110 1001 110 110 1000 10001 10011 110 110 110
110 110 110 10010 10000 1000 110 1001 110 1001 110 1000 10001 10011 110 110 110
110 110 110 10010 10000 1000 1001 110 110 110 1001 1000 10001 10011 110 110 110
110 110 110 10010 10000 111 1000 1000 1000 1000 1000 111 10001 10011 110 110 110
110 110 110 10010 10000 110 110 110 110 110 110 110 10001 10011 110 110 110
110 110 110 10100 10110 10110 10111 1011 1010 1100 11000 10110 10110 10101 110 110 110 110
110 110 110 110 110 110 110 110 110 110 110 110 110 110 110 110 110