69 69 69 69 69 69 69 69 69 69 69 69 69 69 69 69 69 69 69 69 69 69 69 69 69 69 69 69 69 69 69 69 69 69 0 0 0 0 0 0 0 0 0 0 0 0 0 0 0 0 
69 69 69 69 69 69 69 69 69 69 69 69 69 69 69 69 69 70 71 72 72 72 72 72 72 72 72 72 72 72 72 74 69 69 0 0 0 0 0 0 0 0 0 0 0 0 0 0 0 0 
69 69 69 69 69 69 69 69 69 69 69 69 69 69 69 69 69 75 77 78 78 78 78 78 78 78 78 78 78 78 78 76 69 69 0 0 0 0 0 0 0 0 0 0 0 0 0 0 0 0 
69 69 69 69 69 69 69 69 69 69 69 69 69 69 69 69 69 75 119 119 120 123 119 119 119 125 119 121 126 124 119 76 69 69 0 0 0 0 0 0 0 0 0 0 0 0 0 0 0 0 
69 69 69 69 69 69 69 69 69 69 69 69 69 69 69 69 69 75 119 117 91 90 142 142 130 142 145 91 90 144 119 76 69 69 0 0 0 0 0 0 0 0 0 0 0 0 0 0 0 0 
69 69 69 69 69 69 69 69 69 69 69 69 69 69 69 69 69 75 119 139 94 95 117 141 137 141 129 94 95 140 119 76 69 69 0 0 0 0 0 0 0 0 0 0 0 0 0 0 0 0 
69 69 69 69 69 69 69 69 69 69 69 69 69 69 69 69 69 75 119 148 135 130 130 119 128 119 133 134 130 144 119 76 69 69 0 0 0 0 0 0 0 0 0 0 0 0 0 0 0 0 
69 69 69 69 69 69 69 69 69 69 69 69 69 69 69 69 69 75 119 143 131 134 137 119 123 119 132 133 138 140 119 76 69 69 0 0 0 0 0 0 0 0 0 0 0 0 0 0 0 0 
69 69 69 69 69 69 69 69 69 69 69 69 69 69 69 69 69 75 119 139 91 90 148 145 130 142 147 91 90 144 119 76 69 69 0 0 0 0 0 0 0 0 0 0 0 0 0 0 0 0 
69 69 69 69 69 69 69 69 69 69 69 70 71 72 72 72 74 75 123 148 94 95 146 141 138 141 141 94 95 128 119 76 69 69 0 0 0 0 0 0 0 0 0 0 0 0 0 0 0 0 
69 69 69 69 69 69 69 69 69 69 69 75 77 78 78 78 76 75 119 122 119 119 119 119 119 119 119 119 125 126 119 76 69 69 0 0 0 0 0 0 0 0 0 0 0 0 0 0 0 0 
69 69 69 69 69 69 79 96 96 96 96 95 119 121 119 119 76 80 81 81 81 81 90 102 103 104 91 81 81 81 81 87 69 69 0 0 0 0 0 0 0 0 0 0 0 0 0 0 0 0 
69 69 69 69 69 69 75 102 103 103 103 104 119 135 137 129 76 69 69 69 69 69 70 105 106 107 76 69 69 69 69 69 69 69 0 0 0 0 0 0 0 0 0 0 0 0 0 0 0 0 
69 69 69 69 69 69 75 105 106 109 109 110 120 138 136 119 76 69 69 69 69 69 70 105 106 107 76 69 69 69 69 69 69 69 0 0 0 0 0 0 0 0 0 0 0 0 0 0 0 0 
69 69 69 69 69 69 75 105 107 91 81 90 121 119 119 121 76 69 69 69 69 69 70 105 106 107 76 69 69 69 69 69 69 69 0 0 0 0 0 0 0 0 0 0 0 0 0 0 0 0 
69 69 69 69 69 69 75 105 107 76 69 80 81 81 81 81 87 69 69 69 69 69 70 105 106 107 76 69 69 69 69 69 69 69 0 0 0 0 0 0 0 0 0 0 0 0 0 0 0 0 
69 69 69 70 71 72 72 105 107 72 72 72 74 69 69 69 69 69 70 72 72 72 72 105 106 107 72 72 72 72 74 69 69 69 0 0 0 0 0 0 0 0 0 0 0 0 0 0 0 0 
69 69 69 75 77 78 78 105 107 78 78 78 76 69 69 69 69 69 75 78 78 78 78 108 109 110 78 78 78 78 76 69 69 69 0 0 0 0 0 0 0 0 0 0 0 0 0 0 0 0 
69 69 69 75 113 101 101 116 114 99 99 111 76 69 69 69 69 69 75 120 121 119 119 119 119 119 125 119 119 119 76 69 69 69 0 0 0 0 0 0 0 0 0 0 0 0 0 0 0 0 
69 69 69 75 111 113 116 116 114 114 111 110 76 69 69 69 69 69 75 119 99 101 119 120 128 119 120 99 101 119 76 69 69 69 0 0 0 0 0 0 0 0 0 0 0 0 0 0 0 0 
69 69 69 75 112 112 113 116 114 111 112 112 76 69 69 69 69 69 75 119 111 99 115 112 112 112 115 101 113 119 76 69 69 69 0 0 0 0 0 0 0 0 0 0 0 0 0 0 0 0 
69 69 69 75 112 112 112 113 111 112 112 112 76 69 69 69 69 69 75 120 124 116 136 132 130 134 133 115 119 119 76 69 69 69 0 0 0 0 0 0 0 0 0 0 0 0 0 0 0 0 
69 69 69 75 100 100 100 101 99 100 100 100 76 69 69 69 69 69 75 119 121 115 131 145 134 131 135 114 119 120 76 69 69 69 0 0 0 0 0 0 0 0 0 0 0 0 0 0 0 0 
69 69 69 75 100 100 101 116 114 99 100 100 76 69 69 69 69 69 75 119 99 111 115 100 100 100 115 113 101 119 76 69 69 69 0 0 0 0 0 0 0 0 0 0 0 0 0 0 0 0 
69 69 69 75 99 101 116 116 114 114 99 101 76 69 69 69 69 69 75 119 111 113 119 119 123 119 119 111 113 119 76 69 69 69 0 0 0 0 0 0 0 0 0 0 0 0 0 0 0 0 
69 69 69 75 101 110 113 116 114 108 108 99 76 69 69 69 69 69 75 119 119 120 119 119 119 122 120 119 119 119 76 69 69 69 0 0 0 0 0 0 0 0 0 0 0 0 0 0 0 0 
69 69 69 80 81 81 90 105 107 91 81 81 87 69 69 69 69 69 80 81 81 81 81 90 106 91 81 81 81 81 87 69 69 69 0 0 0 0 0 0 0 0 0 0 0 0 0 0 0 0 
69 69 69 69 69 69 75 105 107 76 69 69 69 69 69 69 69 69 69 69 69 69 69 75 106 76 69 69 69 69 69 69 69 69 0 0 0 0 0 0 0 0 0 0 0 0 0 0 0 0 
69 69 69 69 69 69 75 105 107 76 70 73 73 88 73 73 73 73 88 73 73 74 69 75 106 76 69 69 69 69 69 69 69 69 0 0 0 0 0 0 0 0 0 0 0 0 0 0 0 0 
69 69 69 69 69 69 75 105 107 76 75 78 78 89 78 78 78 78 89 78 78 76 69 75 106 76 69 69 69 69 69 69 69 69 0 0 0 0 0 0 0 0 0 0 0 0 0 0 0 0 
69 69 69 69 69 69 75 105 107 76 75 119 119 119 120 121 119 119 129 119 119 76 69 75 106 76 69 69 69 69 69 69 69 69 0 0 0 0 0 0 0 0 0 0 0 0 0 0 0 0 
69 69 69 69 69 69 75 105 107 76 75 119 99 115 115 115 115 116 115 101 119 76 69 75 106 76 69 69 69 69 69 69 69 69 0 0 0 0 0 0 0 0 0 0 0 0 0 0 0 0 
69 69 69 69 69 69 75 105 107 94 95 121 115 114 114 91 90 116 116 115 119 94 96 95 106 76 69 69 69 69 69 69 69 69 0 0 0 0 0 0 0 0 0 0 0 0 0 0 0 0 
69 69 69 69 69 69 75 105 106 103 104 119 115 114 114 76 75 116 116 115 121 102 103 103 106 76 69 69 69 69 69 69 69 69 0 0 0 0 0 0 0 0 0 0 0 0 0 0 0 0 
69 69 69 69 69 69 75 108 109 109 110 119 115 114 114 94 95 116 116 115 129 108 109 109 109 76 69 69 69 69 69 69 69 69 0 0 0 0 0 0 0 0 0 0 0 0 0 0 0 0 
69 69 69 69 69 69 80 81 81 81 90 120 111 115 114 115 115 115 115 113 119 91 81 81 81 87 69 69 69 69 69 69 69 69 0 0 0 0 0 0 0 0 0 0 0 0 0 0 0 0 
69 69 69 69 69 69 69 69 69 69 75 119 121 119 119 119 129 129 119 119 119 76 69 69 69 69 69 69 69 69 69 69 69 69 0 0 0 0 0 0 0 0 0 0 0 0 0 0 0 0 
69 69 69 69 69 69 69 69 69 69 80 81 81 81 81 81 81 81 81 81 81 87 69 69 69 69 69 69 69 69 69 69 69 69 0 0 0 0 0 0 0 0 0 0 0 0 0 0 0 0 
69 69 69 69 69 69 69 69 69 69 69 69 69 69 69 69 69 69 69 69 69 69 69 69 69 69 69 69 69 69 69 69 69 69 0 0 0 0 0 0 0 0 0 0 0 0 0 0 0 0 
0 0 0 0 0 0 0 0 0 0 0 0 0 0 0 0 0 0 0 0 0 0 0 0 0 0 0 0 0 0 0 0 0 0 0 0 0 0 0 0 0 0 0 0 0 0 0 0 0 0 
0 0 0 0 0 0 0 0 0 0 0 0 0 0 0 0 0 0 0 0 0 0 0 0 0 0 0 0 0 0 0 0 0 0 0 0 0 0 0 0 0 0 0 0 0 0 0 0 0 0 
0 0 0 0 0 0 0 0 0 0 0 0 0 0 0 0 0 0 0 0 0 0 0 0 0 0 0 0 0 0 0 0 0 0 0 0 0 0 0 0 0 0 0 0 0 0 0 0 0 0 
0 0 0 0 0 0 0 0 0 0 0 0 0 0 0 0 0 0 0 0 0 0 0 0 0 0 0 0 0 0 0 0 0 0 0 0 0 0 0 0 0 0 0 0 0 0 0 0 0 0 
0 0 0 0 0 0 0 0 0 0 0 0 0 0 0 0 0 0 0 0 0 0 0 0 0 0 0 0 0 0 0 0 0 0 0 0 0 0 0 0 0 0 0 0 0 0 0 0 0 0 
0 0 0 0 0 0 0 0 0 0 0 0 0 0 0 0 0 0 0 0 0 0 0 0 0 0 0 0 0 0 0 0 0 0 0 0 0 0 0 0 0 0 0 0 0 0 0 0 0 0 
0 0 0 0 0 0 0 0 0 0 0 0 0 0 0 0 0 0 0 0 0 0 0 0 0 0 0 0 0 0 0 0 0 0 0 0 0 0 0 0 0 0 0 0 0 0 0 0 0 0 
0 0 0 0 0 0 0 0 0 0 0 0 0 0 0 0 0 0 0 0 0 0 0 0 0 0 0 0 0 0 0 0 0 0 0 0 0 0 0 0 0 0 0 0 0 0 0 0 0 0 
0 0 0 0 0 0 0 0 0 0 0 0 0 0 0 0 0 0 0 0 0 0 0 0 0 0 0 0 0 0 0 0 0 0 0 0 0 0 0 0 0 0 0 0 0 0 0 0 0 0 
0 0 0 0 0 0 0 0 0 0 0 0 0 0 0 0 0 0 0 0 0 0 0 0 0 0 0 0 0 0 0 0 0 0 0 0 0 0 0 0 0 0 0 0 0 0 0 0 0 0 
0 0 0 0 0 0 0 0 0 0 0 0 0 0 0 0 0 0 0 0 0 0 0 0 0 0 0 0 0 0 0 0 0 0 0 0 0 0 0 0 0 0 0 0 0 0 0 0 0 0 
